NBR_PRODUCT:20
CUSTOMER_HOLDING_COSTS:0;0;0;0;0;0;0;0;0;0;0;0;0;0;0;0;0;0;0;0;0;0;0;0;0;0;0;0;0;0;0;0;0;0;0;0;0;0;0;0;0;0;0;0;0;0;0;0;0;0;
TRANSPORTER:
TRANSPORTER_CAPACITY:100
TRANSPORTER_DELIVERY_TIMES:1
TRANSPORTER_DELIVERY_COSTS:10
DUE_DATES:10000;10000;10000;10000;10000;10000;10000;10000;10000;10000;10000;10000;10000;10000;10000;10000;10000;10000;10000;10000;10000;10000;10000;10000;10000;10000;10000;10000;10000;10000;10000;10000;10000;10000;10000;10000;10000;10000;10000;10000;10000;10000;10000;10000;10000;10000;10000;10000;10000;10000;
VOLUMES:99;99;96;96;92;92;91;88;87;86;85;76;74;72;69;67;67;62;61;56;52;51;49;46;44;42;40;40;33;33;30;30;29;28;28;27;25;24;23;22;21;20;17;14;13;11;10;7;7;3
EOF

Solution optimale :
-----------------
Best Solution = [[nbrBatch=25, evaluation=250.0, evaluationCustomer=0.0, evaluationTransporter=250.0
  bi=[8, 15, 6, 9, 16, 13, 22, 17, 23, 20, 7, 19, 12, 3, 2, 14, 21, 1, 18, 24, 5, 10, 11, 5, 10, 24, 4, 4, 11, 1, 2, 21, 14, 3, 18, 25, 12, 25, 19, 25, 25, 4, 11, 7, 20, 23, 17, 22, 13, 16]
  Ci=[9983.0, 9990.0, 9981.0, 9984.0, 9991.0, 9988.0, 9997.0, 9992.0, 9998.0, 9995.0, 9982.0, 9994.0, 9987.0, 9978.0, 9977.0, 9989.0, 9996.0, 9976.0, 9993.0, 9999.0, 9980.0, 9985.0, 9986.0, 9980.0, 9985.0, 9999.0, 9979.0, 9979.0, 9986.0, 9976.0, 9977.0, 9996.0, 9989.0, 9978.0, 9993.0, 10000.0, 9987.0, 10000.0, 9994.0, 10000.0, 10000.0, 9979.0, 9986.0, 9982.0, 9995.0, 9998.0, 9992.0, 9997.0, 9988.0, 9991.0]]

