Ajout d'une memoire "basique" si la derniere test de batch na rien donné on boucle sur le dernier batch qui a donné une solution
Le commit 43 rox du poney

Resultat sur les fichier avec les bon temps d'execution mais durée tabou fixe:
Fichier		MeilleurResDmonAlgo		resultat donné par le prof
005			215						215
007a		2581					2581
007			245						245
020a		200						200 
050a		250						250    
050b		310						310    
050d		28 890					28 163  tempsMaxSansAmelio : 500ms ; durée tabou12
050e		24 708					24 281  
100a		38 135		  			49 392  
100b 		52 349					53 054 
100c		72743					61 574	
100t		44 451					44 686	
200a		101 579   				323 955 
200b		73 467					44 963,56
200m		287 058					1 142 861,76
duréeTabou 10 temps sansAmelio:1sec 400 voisin

( 50 e et 50d testé en 30 sec et pas 10 ... j'etait content ... )
50e
bestSolution = [[nbrBatch=16, evaluation=24178.938699733186, evaluationCustomer=4100.652614310512, evaluationTransporter=20078.286085422675
  bi=[4, 7, 14, 15, 11, 6, 7, 2, 5, 4, 1, 3, 8, 8, 2, 16, 6, 9, 8, 13, 11, 11, 15, 12, 6, 16, 15, 15, 7, 5, 11, 2, 2, 13, 11, 15, 13, 6, 14, 3, 10, 9, 3, 8, 10, 7, 5, 10, 12, 12]
  Ci=[10573.024713792915, 11248.428211599421, 14131.234280797533, 14679.218968819034, 13223.722882858145, 10933.835433909493, 11248.428211599421, 10335.687768875823, 10771.12919618585, 10573.024713792915, 10009.916219142357, 10466.690512441333, 12030.187017501154, 12030.187017501154, 10335.687768875823, 14897.218706590582, 10933.835433909493, 12205.29389771709, 12030.187017501154, 13785.594087764573, 13223.722882858145, 13223.722882858145, 14679.218968819034, 13707.015135433172, 10933.835433909493, 14897.218706590582, 14679.218968819034, 14679.218968819034, 11248.428211599421, 10771.12919618585, 13223.722882858145, 10335.687768875823, 10335.687768875823, 13785.594087764573, 13223.722882858145, 14679.218968819034, 13785.594087764573, 10933.835433909493, 14131.234280797533, 10466.690512441333, 12977.032340115691, 12205.29389771709, 10466.690512441333, 12030.187017501154, 12977.032340115691, 11248.428211599421, 10771.12919618585, 12977.032340115691, 13707.015135433172, 13707.015135433172]]
50d
bestSolution = [[nbrBatch=29, evaluation=26734.937210100205, evaluationCustomer=5000.384603508453, evaluationTransporter=21734.55260659175
  bi=[2, 22, 27, 21, 1, 6, 18, 5, 13, 26, 15, 19, 25, 3, 28, 4, 23, 11, 12, 7, 9, 29, 10, 20, 7, 10, 29, 8, 20, 17, 28, 23, 12, 14, 16, 9, 17, 11, 24, 14, 24, 9, 14, 11, 20, 5, 24, 13, 16, 25]
  Ci=[9846.126585172728, 11437.10711049419, 11782.234012106834, 11375.324067757456, 9784.343542435994, 10096.047542446337, 11108.229139366735, 10031.475713382928, 10653.080264486262, 11720.4509693701, 10815.492908387896, 11170.012182103468, 11658.667926633367, 9907.909627909461, 11844.017054843567, 9969.692670646195, 11498.890153230923, 10404.962756130004, 10469.17802701502, 10157.83058518307, 10281.396670656537, 11905.8000975803, 10343.17971339327, 11231.795224840202, 10157.83058518307, 10343.17971339327, 11905.8000975803, 10219.613627919804, 11231.795224840202, 11046.446096630001, 11844.017054843567, 11498.890153230923, 10469.17802701502, 10753.709865651163, 10974.27631220339, 10281.396670656537, 11046.446096630001, 10404.962756130004, 11596.884883896633, 10753.709865651163, 11596.884883896633, 10281.396670656537, 10753.709865651163, 10404.962756130004, 11231.795224840202, 10031.475713382928, 11596.884883896633, 10653.080264486262, 10974.27631220339, 11658.667926633367]]

100a : 
bestSolution = [[nbrBatch=18, evaluation=38135.960517573185, evaluationCustomer=11913.655341857251, evaluationTransporter=26222.305175715937
  bi=[4, 11, 14, 2, 12, 8, 11, 2, 17, 17, 16, 13, 10, 16, 8, 3, 16, 7, 10, 15, 5, 14, 6, 5, 13, 2, 10, 15, 16, 12, 17, 7, 6, 1, 5, 8, 1, 13, 10, 13, 9, 7, 6, 3, 9, 8, 9, 9, 16, 7, 6, 8, 12, 13, 17, 4, 14, 2, 12, 9, 7, 15, 10, 15, 11, 11, 18, 14, 18, 3, 12, 9, 2, 2, 14, 12, 8, 18, 14, 6, 17, 5, 4, 6, 2, 10, 7, 15, 10, 13, 1, 15, 11, 5, 14, 15, 13, 5, 1, 8]
  Ci=[10889.018747818682, 12858.044353131607, 13681.488097704985, 10133.119798193222, 13147.54993176332, 11777.873938920096, 12858.044353131607, 10133.119798193222, 14653.068342676419, 14653.068342676419, 14377.52114365866, 13468.11149614265, 12620.658539521613, 14377.52114365866, 11777.873938920096, 10479.72591698489, 14377.52114365866, 11603.856745998839, 12620.658539521613, 14025.026070950391, 11041.976998610162, 13681.488097704985, 11365.016155595802, 11041.976998610162, 13468.11149614265, 10133.119798193222, 12620.658539521613, 14025.026070950391, 14377.52114365866, 13147.54993176332, 14653.068342676419, 11603.856745998839, 11365.016155595802, 10010.618114078314, 11041.976998610162, 11777.873938920096, 10010.618114078314, 13468.11149614265, 12620.658539521613, 13468.11149614265, 12131.640736583577, 11603.856745998839, 11365.016155595802, 10479.72591698489, 12131.640736583577, 11777.873938920096, 12131.640736583577, 12131.640736583577, 14377.52114365866, 11603.856745998839, 11365.016155595802, 11777.873938920096, 13147.54993176332, 13468.11149614265, 14653.068342676419, 10889.018747818682, 13681.488097704985, 10133.119798193222, 13147.54993176332, 12131.640736583577, 11603.856745998839, 14025.026070950391, 12620.658539521613, 14025.026070950391, 12858.044353131607, 12858.044353131607, 14819.033146136659, 13681.488097704985, 14819.033146136659, 10479.72591698489, 13147.54993176332, 12131.640736583577, 10133.119798193222, 10133.119798193222, 13681.488097704985, 13147.54993176332, 11777.873938920096, 14819.033146136659, 13681.488097704985, 11365.016155595802, 14653.068342676419, 11041.976998610162, 10889.018747818682, 11365.016155595802, 10133.119798193222, 12620.658539521613, 11603.856745998839, 14025.026070950391, 12620.658539521613, 13468.11149614265, 10010.618114078314, 14025.026070950391, 12858.044353131607, 11041.976998610162, 13681.488097704985, 14025.026070950391, 13468.11149614265, 11041.976998610162, 10010.618114078314, 11777.873938920096]]

100b :bestSolution = [[nbrBatch=29, evaluation=52349.854806781346, evaluationCustomer=12047.400748552953, evaluationTransporter=40302.454058228395
  bi=[10, 10, 8, 17, 17, 23, 9, 12, 25, 24, 18, 26, 8, 1, 19, 16, 29, 17, 29, 26, 17, 19, 28, 27, 10, 15, 15, 18, 26, 11, 11, 28, 12, 21, 9, 20, 27, 13, 5, 2, 24, 25, 29, 21, 20, 29, 12, 20, 4, 16, 14, 3, 21, 19, 23, 3, 10, 22, 11, 22, 13, 18, 24, 27, 22, 18, 6, 25, 1, 3, 18, 1, 29, 28, 7, 15, 3, 6, 13, 14, 24, 8, 26, 15, 28, 2, 27, 28, 4, 27, 24, 10, 4, 20, 23, 2, 9, 21, 20, 16]
  Ci=[11248.474443783882, 11248.474443783882, 11045.871349177818, 12591.92643492322, 12591.92643492322, 13418.287968827051, 11147.17289648085, 11634.550576185415, 13902.476450921824, 13519.589516130083, 12693.227982226252, 14271.948145521115, 11045.871349177818, 10041.42107981163, 13004.792428057879, 12187.419061341423, 14872.51488639195, 12591.92643492322, 14872.51488639195, 14271.948145521115, 12591.92643492322, 13004.792428057879, 14724.362403156423, 14472.404233900583, 11248.474443783882, 12069.185635296919, 12069.185635296919, 12693.227982226252, 14271.948145521115, 11533.249028882383, 11533.249028882383, 14724.362403156423, 11634.550576185415, 13215.684874220988, 11147.17289648085, 13106.093975360911, 14472.404233900583, 11735.852123488447, 10716.152686024934, 10182.056118249866, 13519.589516130083, 13902.476450921824, 14872.51488639195, 13215.684874220988, 13106.093975360911, 14872.51488639195, 11634.550576185415, 13106.093975360911, 10548.017851017874, 12187.419061341423, 11932.862436644984, 10323.617685947887, 13215.684874220988, 13004.792428057879, 13418.287968827051, 10323.617685947887, 11248.474443783882, 13316.98642152402, 11533.249028882383, 13316.98642152402, 11735.852123488447, 12693.227982226252, 13519.589516130083, 14472.404233900583, 13316.98642152402, 12693.227982226252, 10817.454233327966, 13902.476450921824, 10041.42107981163, 10323.617685947887, 12693.227982226252, 10041.42107981163, 14872.51488639195, 14724.362403156423, 10944.257422061517, 12069.185635296919, 10323.617685947887, 10817.454233327966, 11735.852123488447, 11932.862436644984, 13519.589516130083, 11045.871349177818, 14271.948145521115, 12069.185635296919, 14724.362403156423, 10182.056118249866, 14472.404233900583, 14724.362403156423, 10548.017851017874, 14472.404233900583, 13519.589516130083, 11248.474443783882, 10548.017851017874, 13106.093975360911, 13418.287968827051, 10182.056118249866, 11147.17289648085, 13215.684874220988, 13106.093975360911, 12187.419061341423]]
