NBR_PRODUCT:50
CUSTOMER_HOLDING_COSTS:0;0;0;0;0;0;0;0;0;0;0;0;0;0;0;0;0;0;0;0;0;0;0;0;0;0;0;0;0;0;0;0;0;0;0;0;0;0;0;0;0;0;0;0;0;0;0;0;0;0;
TRANSPORTER:
TRANSPORTER_CAPACITY:100
TRANSPORTER_DELIVERY_TIMES:1
TRANSPORTER_DELIVERY_COSTS:10
DUE_DATES:10000;10000;10000;10000;10000;10000;10000;10000;10000;10000;10000;10000;10000;10000;10000;10000;10000;10000;10000;10000;10000;10000;10000;10000;10000;10000;10000;10000;10000;10000;10000;10000;10000;10000;10000;10000;10000;10000;10000;10000;10000;10000;10000;10000;10000;10000;10000;10000;10000;10000;
VOLUMES:100;99;97;97;97;93;93;92;92;88;83;83;79;76;76;75;72;71;70;69;67;66;63;62;62;61;61;51;50;44;44;43;43;40;39;37;37;30;23;20;19;18;17;15;14;13;13;12;8;8
EOF

bestSolution = [[nbrBatch=31, evaluation=310.0, evaluationCustomer=0.0, evaluationTransporter=310.0
  bi=[22, 2, 15, 29, 12, 4, 23, 3, 7, 5, 24, 18, 27, 19, 20, 8, 17, 28, 10, 14, 6, 26, 30, 1, 25, 16, 9, 21, 11, 11, 13, 21, 13, 31, 9, 25, 30, 16, 31, 20, 10, 14, 8, 19, 1, 17, 17, 6, 6, 31]
  Ci=[9991.0, 9971.0, 9984.0, 9998.0, 9981.0, 9973.0, 9992.0, 9972.0, 9976.0, 9974.0, 9993.0, 9987.0, 9996.0, 9988.0, 9989.0, 9977.0, 9986.0, 9997.0, 9979.0, 9983.0, 9975.0, 9995.0, 9999.0, 9970.0, 9994.0, 9985.0, 9978.0, 9990.0, 9980.0, 9980.0, 9982.0, 9990.0, 9982.0, 10000.0, 9978.0, 9994.0, 9999.0, 9985.0, 10000.0, 9989.0, 9979.0, 9983.0, 9977.0, 9988.0, 9970.0, 9986.0, 9986.0, 9975.0, 9975.0, 10000.0]]

