NBR_PRODUCT:50
CUSTOMER_HOLDING_COSTS:0;0;0;0;0;0;0;0;0;0;0;0;0;0;0;0;0;0;0;0;0;0;0;0;0;0;0;0;0;0;0;0;0;0;0;0;0;0;0;0;0;0;0;0;0;0;0;0;0;0;
TRANSPORTER:
TRANSPORTER_CAPACITY:100
TRANSPORTER_DELIVERY_TIMES:1
TRANSPORTER_DELIVERY_COSTS:10
DUE_DATES:10000;10000;10000;10000;10000;10000;10000;10000;10000;10000;10000;10000;10000;10000;10000;10000;10000;10000;10000;10000;10000;10000;10000;10000;10000;10000;10000;10000;10000;10000;10000;10000;10000;10000;10000;10000;10000;10000;10000;10000;10000;10000;10000;10000;10000;10000;10000;10000;10000;10000;
VOLUMES:99;99;96;96;92;92;91;88;87;86;85;76;74;72;69;67;67;62;61;56;52;51;49;46;44;42;40;40;33;33;30;30;29;28;28;27;25;24;23;22;21;20;17;14;13;11;10;7;7;3
EOF

Solution optimale :
-----------------
bestSolution = [[nbrBatch=25, evaluation=250.0, evaluationCustomer=0.0, evaluationTransporter=250.0
  bi=[24, 15, 22, 11, 20, 9, 14, 13, 25, 19, 18, 16, 6, 3, 8, 23, 5, 4, 1, 12, 2, 10, 10, 21, 7, 2, 21, 12, 4, 7, 23, 5, 8, 17, 3, 17, 17, 6, 16, 7, 1, 17, 1, 19, 25, 21, 18, 9, 20, 14]
  Ci=[9999.0, 9990.0, 9997.0, 9986.0, 9995.0, 9984.0, 9989.0, 9988.0, 10000.0, 9994.0, 9993.0, 9991.0, 9981.0, 9978.0, 9983.0, 9998.0, 9980.0, 9979.0, 9976.0, 9987.0, 9977.0, 9985.0, 9985.0, 9996.0, 9982.0, 9977.0, 9996.0, 9987.0, 9979.0, 9982.0, 9998.0, 9980.0, 9983.0, 9992.0, 9978.0, 9992.0, 9992.0, 9981.0, 9991.0, 9982.0, 9976.0, 9992.0, 9976.0, 9994.0, 10000.0, 9996.0, 9993.0, 9984.0, 9995.0, 9989.0]]

